# Bundle file v0.3
40 18878
0 0 0
0 0 0
0 0 0
0 0 0
0 0 0
0 0 0
0 0 0
0 0 0
0 0 0
0 0 0
0 0 0
0 0 0
0 0 0
0 0 0
0 0 0
0 0 0
0 0 0
0 0 0
0 0 0
0 0 0
0 0 0
0 0 0
0 0 0
0 0 0
0 0 0
0 0 0
0 0 0
0 0 0
0 0 0
0 0 0
0 0 0
0 0 0
0 0 0
0 0 0
0 0 0
0 0 0
0 0 0
0 0 0
0 0 0
0 0 0
0 0 0
0 0 0
0 0 0
0 0 0
0 0 0
0 0 0
0 0 0
0 0 0
0 0 0
0 0 0
0 0 0
0 0 0
0 0 0
0 0 0
0 0 0
1.4976382649e+03 -3.6229332268e-01 1.5542562751e-01
9.8992682320e-01 -5.7770807875e-02 -1.2925717959e-01
4.1129538028e-02 9.9093404395e-01 -1.2789871636e-01
1.3547415185e-01 1.2129408189e-01 9.8332827676e-01
-7.9615086667e-01 -7.0216008366e-02 1.6873142143e+00
1.5068600982e+03 -3.6095576549e-01 1.4144351822e-01
9.8987065121e-01 -4.4893479830e-02 -1.3468730206e-01
2.2664343655e-02 9.8649033979e-01 -1.6224406625e-01
1.4015142309e-01 1.5754804022e-01 9.7751531631e-01
-8.3032186155e-01 -3.2301761634e-01 1.6673553220e+00
1.5123127536e+03 -3.4858014248e-01 1.1504418253e-01
9.8913700923e-01 -2.8274350328e-02 -1.4425164846e-01
5.6609259992e-03 9.8792594070e-01 -1.5482341431e-01
1.4688747695e-01 1.5232497108e-01 9.7735416933e-01
-8.8553718837e-01 -4.5711503750e-01 1.6563169900e+00
1.4959505354e+03 -3.5837954529e-01 1.4302494914e-01
9.8780817922e-01 -3.4319717035e-02 -1.5184583661e-01
8.7684163067e-03 9.8611420635e-01 -1.6583692870e-01
1.5542881312e-01 1.6248362707e-01 9.7439260824e-01
-9.3470512007e-01 -6.7223226271e-01 1.6545087185e+00
0 0 0
0 0 0
0 0 0
0 0 0
0 0 0
0 0 0
0 0 0
0 0 0
0 0 0
0 0 0
0 0 0
0 0 0
0 0 0
0 0 0
0 0 0
0 0 0
0 0 0
0 0 0
0 0 0
0 0 0
0 0 0
0 0 0
0 0 0
0 0 0
0 0 0
0 0 0
0 0 0
0 0 0
0 0 0
0 0 0
0 0 0
0 0 0
0 0 0
0 0 0
0 0 0
0 0 0
0 0 0
0 0 0
0 0 0
0 0 0
0 0 0
0 0 0
0 0 0
0 0 0
0 0 0
1.4638336558e+03 -3.3732993980e-01 1.3136439599e-01
-9.8306788817e-01 1.7094432369e-01 6.5996707903e-02
-1.5140415467e-01 -9.6063091036e-01 2.3294856944e-01
1.0321971325e-01 2.1901208244e-01 9.7024708118e-01
5.0310852488e-01 1.1034180508e+00 1.6822366066e+00
1.4723919263e+03 -3.2963791453e-01 1.0482124268e-01
-9.8461821692e-01 1.6284140301e-01 6.3321752860e-02
-1.4925175644e-01 -9.7233084523e-01 1.7971266127e-01
9.0834355379e-02 1.6749747726e-01 9.8167902850e-01
4.7012421447e-01 8.1718916124e-01 1.7228972427e+00
1.4773268739e+03 -3.2670159828e-01 9.8266319463e-02
-9.8505570540e-01 1.6052163945e-01 6.2434449915e-02
-1.4930915565e-01 -9.7655755965e-01 1.5505517960e-01
8.5860545681e-02 1.4341595432e-01 9.8593094623e-01
4.4600305665e-01 5.8605950967e-01 1.7364015608e+00
1.4918980677e+03 -3.2226703684e-01 8.9856419614e-02
-9.8555334705e-01 1.5807728028e-01 6.0796164157e-02
-1.4618003364e-01 -9.7522809104e-01 1.6601677089e-01
8.5533606736e-02 1.5473119890e-01 9.8424705141e-01
4.2329707580e-01 4.1658476620e-01 1.7192482310e+00
1.4910352267e+03 -3.2261287550e-01 9.0752252065e-02
-9.8628293403e-01 1.5445040032e-01 5.8232704594e-02
-1.4495793449e-01 -9.7919786467e-01 1.4198147436e-01
7.8950435545e-02 1.3159261253e-01 9.8815495397e-01
4.0176556867e-01 1.9575249774e-01 1.7317437429e+00
1.4740475844e+03 -3.2804900729e-01 1.0126789777e-01
-9.8657973095e-01 1.5456429442e-01 5.2633766362e-02
-1.4890805751e-01 -9.8395236572e-01 9.8306319257e-02
6.6983765802e-02 8.9149430095e-02 9.9376332908e-01
3.7579069462e-01 -6.4800213081e-02 1.7574574506e+00
1.4412869159e+03 -3.1182746623e-01 8.6676288942e-02
9.9599554647e-01 -7.7014222395e-02 -4.5405737075e-02
7.4123453836e-02 9.9530498597e-01 -6.2239043198e-02
4.9985848017e-02 5.8624179786e-02 9.9702789356e-01
-6.2591092785e-02 1.8444932092e-01 1.7719357955e+00
1.4330304341e+03 -3.0344113948e-01 7.9885133170e-02
9.9854920407e-01 -3.2452300417e-02 -4.2969003254e-02
2.8953849492e-02 9.9640015930e-01 -7.9676829385e-02
4.5400018091e-02 7.8317116513e-02 9.9589420503e-01
-8.9497600249e-02 -7.0327302389e-02 1.7897509354e+00
1.4371010587e+03 -3.0465823258e-01 8.0414316628e-02
9.9855334732e-01 -8.0180989427e-03 -5.3168812702e-02
1.8451295903e-03 9.9334661426e-01 -1.1514816295e-01
5.3738329446e-02 1.1488348020e-01 9.9192438115e-01
-1.4776752577e-01 -3.1891372735e-01 1.7809397910e+00
1.4376235913e+03 -3.0542009649e-01 8.1258478234e-02
9.9813508281e-01 6.5155399191e-03 -6.0695174525e-02
-1.7042857582e-02 9.8449432325e-01 -1.7458656448e-01
5.8616529038e-02 1.7529539420e-01 9.8276936628e-01
-2.0132132409e-01 -5.9190370859e-01 1.7514753137e+00
1.4352403049e+03 -3.0317749526e-01 7.8714033670e-02
9.9779883456e-01 4.5695303126e-04 -6.6311966899e-02
-1.5588182860e-02 9.7357212159e-01 -2.2784716944e-01
6.4455366846e-02 2.2837932319e-01 9.7143625134e-01
-2.5047312352e-01 -8.7831181948e-01 1.7112544138e+00
1.4336883407e+03 -3.0179527048e-01 7.8026035380e-02
9.9743562338e-01 -1.1361272476e-02 -7.0661861654e-02
-7.0645874855e-03 9.6686838242e-01 -2.5517762966e-01
7.1219862456e-02 2.5502245501e-01 9.6430870505e-01
-2.9145958097e-01 -1.0955191134e+00 1.6734369006e+00
1.4423143285e+03 -3.0525915447e-01 8.0641253781e-02
9.9681599500e-01 -2.0783632785e-02 -7.6979950108e-02
-1.4375187351e-03 9.6059095590e-01 -2.7796213589e-01
7.9723306820e-02 2.7718776318e-01 9.5750255263e-01
-3.4262056340e-01 -1.2995684794e+00 1.6338221857e+00
1.4893951981e+03 -3.3334398136e-01 1.1582586447e-01
9.9591774573e-01 -2.9372372192e-02 -8.5352841143e-02
2.0874217585e-03 9.5281783461e-01 -3.0353552794e-01
9.0241267776e-02 3.0211825135e-01 9.4898950247e-01
-4.0072713445e-01 -1.5279111620e+00 1.5587309292e+00
0 0 0
0 0 0
0 0 0
0 0 0
0 0 0
0 0 0
0 0 0
0 0 0
0 0 0
0 0 0
4.7477193814e-02 4.5467043391e-01 -2.7739755938e+00
121 117 116
13 32 49588 64.9399 659.6230 33 51533 27.7700 523.3280 34 51839 -30.5800 316.7490 27 51224 398.5300 -702.5100 26 50881 445.3101 -438.9100 28 49665 355.3500 -871.7000 35 52333 -86.9301 84.3490 25 51903 491.7100 -199.0800 36 52144 -146.5300 -147.5200 13 49796 -612.9630 573.6641 14 50221 -673.6690 330.3850 24 51837 540.7300 20.7450 37 53008 -201.4600 -391.4600
8.1506768619e-02 4.6412681679e-01 -2.7781418018e+00
175 171 170
13 32 47090 113.5601 670.3950 33 47282 80.3600 535.5129 34 50102 25.0300 331.9380 27 49286 353.0800 -724.7300 26 48811 398.7900 -462.9500 28 47043 311.8101 -890.7700 35 50720 -31.0601 100.8760 25 48306 445.8101 -223.4200 36 50648 -92.0300 -131.5500 13 38756 -571.8680 591.6320 14 44464 -632.8940 348.4189 24 48097 496.3900 -2.2820 37 51610 -149.2500 -377.4800
1.0851194188e-01 4.8155183296e-01 -2.7844066878e+00
199 199 197
13 32 52496 152.2500 688.9980 33 52675 121.7900 558.7450 34 52955 68.9900 359.2400 27 53401 317.7600 -751.2600 26 53254 362.5699 -494.6899 35 53388 13.0500 130.3790 25 52975 409.6400 -258.2600 36 53176 -48.6899 -102.1900 12 50961 -488.6660 802.4520 13 51507 -535.7030 619.0680 14 51761 -598.5290 377.0680 24 52945 462.2800 -37.6620 37 53980 -108.6100 -351.0500
1.3404741356e-01 4.9437395411e-01 -2.7883431661e+00
165 160 165
10 32 49544 187.4399 704.1890 33 51491 160.0100 575.2629 34 52941 109.6300 379.8459 27 52538 283.4600 -774.1801 26 53263 327.6100 -519.8000 25 52989 374.9900 -284.9800 12 50948 -455.0310 821.3710 13 51484 -502.1050 638.9060 14 52921 -566.0190 398.5350 24 52965 429.1400 -65.3150
1.0476669950e-01 3.3242428740e-01 -2.7523338985e+00
33 32 35
11 32 39078 153.2800 499.7000 33 39627 115.0699 340.5990 34 40215 59.3199 115.6390 27 42169 307.7600 -569.8199 26 41365 348.6899 -281.0500 28 42769 270.0400 -762.1400 25 40455 388.6801 -24.9100 12 38266 -516.8640 632.7750 13 39256 -564.7500 426.5850 14 40292 -617.7240 164.2660 24 39981 429.1200 198.3359
1.6314052477e-01 4.1406962538e-01 -2.7714892617e+00
173 172 170
15 32 31564 235.0601 605.0491 33 32181 205.2200 460.7750 31 20498 247.0800 777.5980 34 39826 155.6801 249.8250 27 36924 234.6000 -690.2300 26 35976 275.0200 -418.8199 28 29898 199.7700 -863.7300 35 40748 101.4100 18.3140 25 40935 318.7300 -170.0601 36 41106 40.2100 -211.6300 12 30425 -432.2100 742.2450 13 31878 -479.6750 545.4440 14 39927 -539.3010 289.7520 24 40381 367.5500 56.0960 37 36274 -21.2600 -451.8900
1.1780986452e-01 3.5295860544e-01 -2.7551093038e+00
179 178 173
15 32 43788 172.0400 528.0920 33 44155 135.6600 371.9590 31 39310 192.5000 714.4390 34 44539 81.2000 149.7891 27 42284 292.2000 -601.1899 26 45730 333.9000 -315.8000 28 42866 255.0900 -789.0100 35 45443 27.0100 -84.3410 25 44920 374.6899 -60.6900 36 45644 -32.3900 -309.2300 12 38176 -498.7120 660.9750 13 39158 -546.5240 456.9580 14 40201 -601.8340 195.3860 24 44568 418.2000 164.6470 37 46724 -88.5699 -537.2400
8.6759445498e-02 4.4672720244e-01 -2.7739444442e+00
132 129 125
8 32 38622 121.6300 649.0560 33 43838 87.3800 511.1479 31 38965 140.3199 813.7400 34 44225 31.9100 304.0750 26 45985 390.7600 -440.1600 36 45342 -83.7400 -159.9700 14 39816 -630.1110 325.3840 37 46466 -140.8199 -404.1200
8.8512811668e-02 3.5745459691e-01 -2.7545014527e+00
150 146 143
12 32 47292 127.9200 534.5530 33 49956 88.8400 378.9771 27 49079 335.1000 -597.5601 26 48611 376.9600 -314.2200 35 50896 -20.3900 -77.1800 25 50263 418.7200 -60.3030 36 50813 -79.0699 -302.6700 12 43075 -533.5430 660.0740 13 43929 -581.4780 458.5840 14 47932 -636.9920 199.0710 24 47870 460.5200 163.2949 37 49715 -133.5500 -530.8000
7.1335981738e-02 3.8397963177e-01 -2.7592577876e+00
149 146 142
14 32 47243 101.3199 570.4280 33 47484 62.9399 420.5400 31 44333 124.4800 748.9189 34 50230 6.2000 201.1090 27 49105 361.7300 -625.5200 26 48644 405.6100 -347.1899 28 46874 320.6600 -808.2000 35 50853 -48.2400 -33.4080 25 48130 447.8300 -97.8480 36 48689 -106.7400 -260.9500 13 43865 -598.4170 489.6050 14 44662 -654.9460 235.0100 24 47919 491.7300 125.3359 37 49656 -160.2200 -493.9399
1.4712321421e-01 3.4577018510e-01 -2.7604659116e+00
146 151 158
13 32 51474 215.9301 515.4390 33 51654 180.7700 359.1650 31 50672 233.6700 702.7810 34 51971 128.5699 138.0730 27 52409 246.8101 -598.7700 26 52148 286.7600 -313.5601 28 51434 212.0699 -786.4200 35 52463 75.1600 -93.5500 25 51800 327.6700 -58.6360 12 49316 -460.5830 656.9451 13 51632 -507.0250 450.9830 14 51881 -562.6520 188.2319 24 51720 370.8000 166.0620
6.8529871904e-02 4.4664742165e-01 -2.7733233323e+00
129 126 122
13 32 49601 95.2700 649.8430 33 49824 59.4399 512.1221 31 47910 115.4000 814.3600 34 50123 2.7800 304.0320 27 49251 369.7600 -699.9399 26 50872 415.5400 -434.5500 35 52338 -52.9800 71.3600 25 50387 461.6100 -193.1400 36 52157 -112.9399 -160.4100 13 47211 -589.8400 567.9661 14 50238 -650.5370 322.2450 24 50243 510.1801 28.6350 37 51633 -169.2300 -403.5500
1.0579194765e-01 3.4285574859e-01 -2.7519900984e+00
166 167 162
13 32 51473 155.2600 515.2050 33 51656 117.0601 357.4600 31 52425 177.3300 703.9150 34 51976 60.4800 132.4110 27 52399 308.3400 -584.7200 26 52140 350.5000 -296.5800 28 51416 270.0699 -775.3199 35 52466 6.3199 -101.4600 25 51790 390.5900 -41.3260 12 49322 -516.5880 644.7170 13 51644 -562.9860 441.3621 14 51889 -617.1690 179.4929 24 51705 432.1700 182.5320
9.4381368452e-02 4.4853988123e-01 -2.7762190464e+00
127 125 121
14 32 52510 132.3101 650.6589 33 52702 99.3101 513.3280 31 52341 149.8600 814.9700 34 53716 45.8199 306.7151 27 52492 335.5200 -709.7300 26 53229 379.5500 -445.2900 28 52772 295.2200 -878.6000 35 54105 -10.1100 75.0430 25 53685 423.8400 -203.9900 36 53825 -70.2700 -156.8500 12 50994 -511.7810 763.4351 13 52681 -557.7680 575.9000 14 52943 -618.3880 329.3940 24 53624 473.2800 18.1940
7.6961339128e-02 3.3099427256e-01 -2.7480355438e+00
185 182 174
12 32 22006 111.2600 499.1689 33 32748 70.6100 339.5050 31 21158 137.2900 690.5129 34 33743 13.6600 113.3710 27 27879 348.2700 -559.5200 26 26256 390.8000 -270.5000 28 29236 308.8800 -752.9399 35 34860 -39.2500 -120.7100 25 34025 429.8600 -15.1400 36 26890 -96.4301 -343.0200 24 23322 469.4200 207.2881 37 28372 -148.4700 -565.5699
1.0912116641e-01 3.2829402478e-01 -2.7526241699e+00
31 37 35
11 32 22048 160.0500 493.2130 33 23092 121.7600 333.8220 34 24167 66.7300 109.6350 26 26304 341.3500 -275.8300 35 25729 13.2400 -122.8800 25 34051 381.0400 -19.8860 36 26904 -45.0601 -344.3400 13 22460 -558.9440 421.4700 14 24094 -612.3920 158.0940 24 33059 421.9700 203.3989 37 28384 -99.6500 -566.7500
1.2483865673e-01 3.2862131250e-01 -2.7552007926e+00
170 161 156
15 32 32141 183.8500 492.9690 33 39656 146.7000 333.9210 31 31929 204.5000 683.9310 34 40230 92.1801 110.2550 27 42167 277.7700 -569.8300 26 41363 317.8101 -281.3199 28 37273 241.8101 -761.6600 35 34862 38.9700 -121.1700 25 40452 357.3101 -24.9950 36 41528 -20.0400 -342.8900 12 30969 -490.9640 631.4640 13 32462 -538.2520 424.3370 14 33501 -591.6230 160.7261 24 33079 398.6400 198.4299 37 36801 -75.7800 -565.2000
1.6598081317e-01 3.9201153563e-01 -2.7676236843e+00
158 154 151
12 32 38857 240.4100 576.9399 33 39366 210.6400 428.2419 34 39940 159.9301 214.2760 27 42499 227.1200 -664.1100 26 45872 267.0100 -386.7300 28 43064 192.9200 -841.5300 35 45314 106.1200 -18.7940 25 40827 309.8199 -137.0500 36 45526 45.1700 -246.9500 13 32017 -478.7360 517.5830 14 40002 -537.0870 258.3130 24 40280 357.3700 90.7140
3.3387555917e-01 4.5514679096e-02 -2.7533474455e+00
51 59 35
9 32 44772 493.2000 65.2260 33 40905 448.6300 -108.5700 34 41342 391.9399 -314.2300 27 45331 -103.3500 -208.0699 25 44087 -40.0500 351.0339 12 43960 -199.6410 269.6030 13 44792 -244.3610 25.2840 14 45600 -283.8660 -252.7200 24 38935 0.9600 542.5129
1.1018693315e-01 4.4662404646e-01 -2.7756275780e+00
176 173 168
15 32 43481 155.8199 648.4460 33 47313 124.3000 510.7681 31 38966 171.7800 813.2690 34 47641 70.7500 303.5980 27 46422 312.7300 -712.8400 26 45999 357.0400 -447.9200 28 43199 273.6700 -881.7500 35 48383 15.5900 72.2380 25 48271 402.0601 -205.1200 36 48511 -45.5601 -159.9399 12 37860 -493.3380 765.0649 13 43718 -540.3400 576.1390 14 44496 -601.2840 328.2380 24 48063 452.0601 17.5220 37 49503 -104.3600 -404.0500
4.5305670049e-02 4.2253667450e-01 -2.7662352676e+00
148 146 147
14 32 49634 62.0601 620.1730 33 51567 23.1600 477.7130 34 51870 -34.9700 264.8380 27 51184 399.7900 -664.1700 26 50831 445.9200 -394.0800 28 49612 357.0100 -839.9500 35 52378 -90.2100 30.4670 25 51862 490.7600 -149.5400 36 52197 -148.9900 -199.6300 12 46631 -574.8070 722.7020 13 49830 -622.2320 533.3621 14 50277 -680.7050 285.7529 24 50204 536.8900 71.0640 37 53049 -202.0690 -438.5400
1.6415916622e-01 3.7030479889e-01 -2.7624086633e+00
176 176 175
11 32 49731 240.1200 548.3210 33 49937 208.6200 395.6270 31 50645 254.1300 730.9360 34 50262 157.3700 177.9700 27 51152 227.7900 -636.3600 26 50799 266.7900 -355.3199 28 51473 193.7600 -819.5800 25 50306 308.2200 -101.3100 13 49874 -485.0470 488.1741 14 50325 -541.3580 225.8369 24 50160 354.3199 125.7219
6.5362089126e-02 4.2448322304e-01 -2.7679463914e+00
126 122 123
15 32 49632 91.1400 622.4740 33 51565 54.3199 479.9840 31 50570 113.0500 792.1350 34 51869 -3.0400 267.6730 27 52463 372.9500 -673.1400 26 52215 417.8800 -403.2100 28 51496 331.0800 -848.1300 35 53435 -58.3101 34.4160 25 51866 462.6200 -158.1500 36 52192 -117.4600 -196.4399 12 49230 -549.9010 730.5630 13 49827 -597.5930 540.0470 14 50274 -657.1220 290.6011 24 51794 509.5800 64.0420 37 53046 -172.3900 -435.9900
8.1453862821e-02 4.3426411447e-01 -2.7706680178e+00
122 118 115
12 32 51388 114.2900 634.0530 33 51557 79.4700 493.5930 31 50561 134.3400 801.2900 34 51861 23.4301 283.7090 27 52473 351.4399 -690.1600 26 52233 396.4600 -421.7500 28 51505 310.9200 -862.5400 25 51884 441.7000 -178.0900 12 49217 -529.6430 745.2610 13 49814 -577.4530 555.7219 14 50249 -637.4190 307.6770 24 51815 490.1600 44.4290
1.4925400192e-01 3.6457768722e-01 -2.7599702329e+00
159 159 157
8 32 51457 217.9500 541.2810 33 51637 185.0000 387.4160 31 52409 234.5400 725.5460 26 53195 288.3600 -343.6400 28 52720 213.3199 -810.0400 25 51828 330.4600 -87.3640 13 51617 -504.7360 478.5250 14 51868 -560.9580 216.2720
3.5168595351e-01 8.1514989270e-02 -2.7604327261e+00
42 48 37
12 32 53438 516.6600 119.6360 33 53609 475.5699 -53.0120 31 53785 538.8500 344.5500 27 53801 -121.7400 -267.7600 26 54137 -94.2500 40.8880 28 54007 -139.4000 -489.8500 25 53543 -58.6200 292.5591 29 53270 -146.3700 -667.5100 12 53161 -174.1300 325.0750 13 53608 -218.5800 81.6050 14 54146 -257.4710 -202.0699 24 53495 -16.1300 490.8850
1.0940526515e-01 2.9055114886e-01 -2.7434943079e+00
148 136 136
7 32 32366 162.3000 441.0330 33 32994 121.7000 274.5630 27 36063 296.2800 -514.3900 26 35020 335.3101 -218.8800 25 33784 373.1899 40.2830 13 22794 -564.9370 369.4390 14 24410 -614.9180 102.8660
1.0281044545e-01 4.5252887532e-01 -2.7765403543e+00
178 175 169
13 32 31362 145.3800 655.6810 33 31902 113.1100 519.0200 34 39648 58.9900 313.2460 26 36140 367.8700 -453.6801 28 30026 283.2200 -885.2300 35 40561 3.0500 81.7340 25 34899 413.8000 -212.0900 36 40928 -57.3600 -150.3300 12 1653 -501.1310 769.6750 13 21422 -548.3090 582.1880 14 22981 -610.0220 335.3469 24 33944 464.0400 10.2250 37 42180 -115.8400 -395.2800
7.5769622561e-02 3.9355914544e-01 -2.7615263049e+00
183 182 178
13 32 38831 107.5900 582.9410 33 43999 70.0100 434.6460 31 31559 130.2500 759.5830 34 44399 13.2600 217.1370 27 42397 356.2800 -638.7400 26 41630 400.3101 -362.2000 35 45310 -41.3101 -17.2090 25 40757 443.6801 -112.8800 36 45521 -100.0200 -245.6801 13 32088 -591.6600 502.4850 14 40024 -648.7370 249.3950 24 40233 487.8700 109.5490 37 42435 -154.4301 -480.4500
1.1977303483e-01 3.3611616196e-01 -2.7553424257e+00
154 149 153
15 32 43841 175.2200 504.2100 33 44210 138.1200 345.7710 31 39387 196.1600 693.4580 34 47912 84.0400 122.3940 27 46151 286.1700 -578.5601 26 45664 326.5500 -291.2800 28 42798 249.8500 -769.3199 35 48689 30.6400 -109.8300 25 48022 366.5800 -35.0520 36 48793 -28.3800 -332.5200 12 38241 -496.1960 640.1760 13 43992 -543.7840 434.2190 14 44809 -597.6610 171.4260 24 47834 408.5900 188.9719 37 46777 -84.2800 -556.9700
4.1876208080e-01 -6.1783429050e-02 -2.7566607895e+00
174 173 171
15 32 45055 601.2900 -89.9350 33 45381 549.4399 -256.2000 34 45729 489.3900 -443.5800 27 48327 -256.6810 -64.9980 26 47825 -227.5140 238.3440 28 48863 -274.6280 -295.7200 35 46531 431.3600 -610.1200 25 47283 -187.3400 471.3430 29 48806 -279.6340 -492.1700 36 46624 369.1600 -761.6600 11 43524 -33.1801 357.9700 12 47503 -64.6200 111.7730 13 48218 -110.2000 -136.2600 14 48826 -149.0800 -404.5699 24 43590 -142.0000 645.2050
8.6747923065e-02 3.7332051756e-01 -2.7578974961e+00
123 122 118
14 32 51447 124.7500 556.2870 33 51623 87.0300 404.0620 31 50641 147.3101 737.7410 34 51931 30.8300 183.9150 27 51132 338.8400 -617.3600 26 50783 381.8000 -336.4800 28 51454 299.2000 -801.8400 35 52432 -23.3400 -50.5120 25 51824 423.8900 -84.7550 36 52243 -81.9301 -277.4100 12 49291 -533.8440 677.1030 13 49887 -581.6090 477.8430 14 50331 -637.6790 221.0740 24 51741 467.4301 139.0591
1.0652527496e-01 4.1385024738e-01 -2.7689432419e+00
157 153 152
11 32 51404 152.3400 605.6990 33 51579 118.8800 461.8130 31 50588 170.8700 777.2100 34 51884 64.9000 250.1750 27 52462 315.7400 -672.9100 26 52214 358.7600 -401.2300 25 51863 402.4399 -155.0200 36 52203 -51.0200 -212.0200 14 50278 -609.7270 283.9010 24 51792 450.0300 68.7500 37 53062 -108.4800 -452.0800
9.8190009110e-02 4.3804995532e-01 -2.7733403935e+00
175 171 172
14 32 49614 138.3400 637.6169 33 49842 105.1801 498.5339 31 47928 155.6200 804.0300 34 51857 51.1801 289.8540 27 49248 328.9600 -699.0601 26 50867 372.5500 -432.5900 35 52346 -4.4399 57.4680 25 50380 418.1500 -188.9000 36 52175 -65.1899 -174.3800 12 42878 -508.5930 753.6169 13 43736 -555.6090 564.1510 14 47771 -616.3050 315.4890 24 50239 467.1000 34.0590 37 53034 -122.9399 -417.3600
3.6501112553e-01 1.6025189717e-02 -2.7515286981e+00
132 134 94
15 32 50235 536.3600 20.9780 33 50500 489.3900 -152.2300 34 50815 431.3700 -353.2900 27 52139 -159.4399 -170.1899 26 51852 -130.8900 140.1531 28 52435 -177.6600 -400.2100 35 51381 373.4200 -535.0500 25 49806 -94.2500 385.4351 36 49324 311.2200 -700.6100 11 49288 -118.4900 466.7140 12 49747 -152.6200 227.7109 13 51946 -197.0100 -19.5900 14 50823 -236.5920 -296.7700 24 49729 -51.0300 573.0029 37 50243 247.9900 -861.8000
6.8572102483e-02 4.4662873840e-01 -2.7731280803e+00
129 126 122
11 32 49600 95.2700 649.8430 33 49823 59.4399 512.1221 31 47909 115.4000 814.3600 34 50122 2.7800 304.0320 27 49250 369.7600 -699.9399 26 50871 415.5400 -434.5500 28 49664 327.8700 -870.1300 25 50386 461.6100 -193.1400 12 46580 -542.3220 755.2720 13 47210 -589.8400 567.9661 14 50237 -650.5370 322.2450
4.0541022652e-01 1.0970334131e-01 -2.7677698035e+00
52 46 48
8 32 50126 585.9399 158.9730 33 50380 550.2100 -12.2530 34 52218 499.6300 -218.4500 26 50461 -169.2800 -18.0320 35 51233 443.2600 -411.3700 25 49967 -133.8199 235.9609 36 51099 379.3101 -592.8300 24 51528 -89.5400 441.0500
3.9690307354e-01 1.2179141817e-01 -2.7673601423e+00
62 62 67
9 32 44576 575.8300 177.9050 33 48086 540.0601 7.1790 34 50656 488.8400 -201.2500 26 50479 -155.2000 -33.6310 35 51223 432.0699 -397.5400 25 49982 -119.5400 221.6660 36 51091 368.5300 -580.4500 24 49884 -74.9700 427.7170 37 50074 301.2500 -761.5100
3.7461430999e-01 -1.9709080076e-01 -2.7386988128e+00
59 62 73
12 32 26443 537.3600 -286.1500 33 14389 474.2200 -441.7300 34 15871 410.5200 -610.1801 27 23734 -219.0010 151.3091 26 21872 -186.3500 442.5220 28 34360 -242.0560 -82.3340 35 17716 355.6300 -755.5500 25 20540 -146.6100 651.0439 11 32973 -91.1600 153.2440 12 33990 -124.1200 -97.4470 13 26821 -169.1500 -334.5601 24 1117 -104.9000 797.3110
3.7468611219e-01 -1.9726769222e-01 -2.7395527688e+00
59 62 73
10 32 26442 537.3600 -286.1500 33 14388 474.2200 -441.7300 34 15870 410.5200 -610.1801 27 23735 -219.0010 151.3091 26 21873 -186.3500 442.5220 28 34361 -242.0560 -82.3340 25 20541 -146.6100 651.0439 11 32972 -91.1600 153.2440 12 33989 -124.1200 -97.4470 13 26820 -169.1500 -334.5601
4.3359578431e-01 -7.6288163421e-02 -2.7571317574e+00
187 184 185
10 32 25544 619.1000 -108.9400 33 26597 566.3500 -274.4100 31 24714 655.1200 122.3930 34 27555 505.5100 -459.4100 27 24832 -281.2980 -46.4220 26 22953 -251.7300 255.8770 28 26252 -299.4160 -276.5900 29 14158 -303.8840 -473.9900 13 25870 -87.2200 -158.1000 14 14071 -126.4301 -425.4100
-4.0414116558e-02 2.9650204132e-01 -2.7935895459e+00
98 97 95
12 32 39268 -60.7700 433.7830 33 39796 -106.1200 284.0250 34 40336 -161.7300 72.9920 27 41873 477.4800 -463.7300 26 41126 515.3000 -187.2200 35 41184 -207.0080 -143.5601 25 40237 547.9301 47.6270 36 41538 -253.3950 -347.3300 13 32760 -695.8040 351.8149 14 33731 -739.7510 109.2440 24 39832 578.1200 246.3280 37 36747 -293.1510 -552.0400
4.7546568066e-01 -4.4428257403e-01 -2.7120834053e+00
46 52 54
3 32 36420 635.7000 -596.7200 33 37039 557.1500 -721.3101 11 40436 76.8800 -222.1300
3.7554426802e-01 -2.0412344865e-01 -2.7380770972e+00
66 74 83
13 32 35303 537.9399 -296.3101 33 27512 474.2500 -450.9399 31 35179 591.1200 -64.4040 34 28449 410.7900 -618.0100 27 33222 -221.9630 161.2949 26 32240 -189.2200 451.6331 28 34320 -245.3910 -72.1690 35 17781 356.0100 -762.0100 25 20488 -149.0500 659.1010 11 33009 -89.1899 142.7860 12 34026 -122.4000 -108.0300 13 35592 -167.3199 -344.4500 24 19611 -107.2400 804.1920
1.0874113194e-01 3.6109389229e-01 -2.7563619335e+00
156 157 152
14 32 31901 158.2800 539.3020 33 39500 121.6000 384.8490 31 20896 179.2700 723.7740 34 40077 66.5699 163.6169 27 36533 306.4100 -608.5400 26 41504 347.8600 -325.1000 28 37436 268.5500 -794.7300 35 40984 12.6100 -70.7880 25 40626 389.4900 -71.1740 36 41380 -46.8900 -296.2600 12 20441 -508.9490 668.2020 14 40163 -612.7000 205.7361 24 40105 433.3600 153.5520 37 36630 -102.5000 -525.9800
3.7706329740e-01 -1.9940332887e-01 -2.7374691597e+00
171 171 167
13 32 41278 540.5000 -289.7400 33 35929 476.9700 -445.1300 34 36728 413.5000 -612.7700 27 40169 -223.3170 154.3250 26 39388 -190.5100 445.2610 28 40827 -246.3700 -79.1140 35 29419 358.2200 -758.2100 25 38528 -150.2400 653.5380 36 30183 300.1600 -887.7000 11 39518 -87.0601 149.6890 12 40290 -120.3000 -101.2800 13 41392 -165.6500 -338.4000 24 30539 -108.5200 799.8530
4.1452208284e-01 1.5276780911e-01 -2.7770457790e+00
196 193 185
15 32 39956 594.0300 220.8240 33 40477 562.8500 52.8900 34 40957 514.4000 -153.4900 27 41663 -197.9400 -387.1899 26 40846 -174.2600 -86.3080 28 42229 -211.2560 -594.9700 35 41747 459.0500 -351.3300 25 39887 -139.8101 168.1440 29 42344 -212.4710 -757.0100 36 42020 395.6899 -537.5800 11 38127 -50.8101 650.0601 12 38873 -79.8000 434.9880 13 44466 -122.6801 194.5020 14 45300 -168.2600 -89.0850 24 39447 -94.8800 377.0730
5.8627105732e-02 4.2806765228e-01 -2.7678414905e+00
182 178 177
12 32 47155 81.6100 627.0081 33 47366 43.9000 485.8800 31 44219 103.5699 795.8311 27 49188 382.4500 -675.2900 26 48731 428.0200 -406.0400 28 46960 339.7800 -849.5601 35 50779 -69.6400 40.4320 25 48218 472.8400 -161.8700 12 42914 -557.8750 732.6040 13 47241 -605.9830 543.3350 14 44551 -664.8110 294.8960 24 50213 520.8700 59.3370
1.7973204045e-01 2.9315090920e-01 -2.7831175480e+00
164 150 141
10 32 47463 261.6400 432.4930 33 47720 227.8700 275.5210 31 44665 279.7200 625.1820 27 48975 182.9200 -530.0601 26 48505 217.6600 -242.4700 28 49441 153.0400 -721.8101 25 47947 254.6801 8.3290 12 46830 -406.8050 590.2910 13 47465 -451.6470 379.7900 14 48042 -501.6460 116.1920
3.4419341620e-01 8.9736649469e-02 -2.7611628537e+00
150 149 117
11 32 47908 505.7600 130.0291 33 48156 465.3300 -41.7180 34 48496 410.8300 -249.7900 27 50771 -108.5000 -277.4600 26 50409 -80.7800 30.1490 25 49922 -45.4000 281.7920 11 49201 -150.7200 562.6710 12 49638 -185.1000 336.3979 13 50262 -229.2890 94.4680 14 50727 -271.5250 -186.3600 24 49829 -3.2000 480.6790
3.1458216405e-01 3.7724994939e-01 -2.7769230724e+00
163 148 146
14 32 43738 449.2200 544.6460 33 47524 431.3199 394.4700 31 44412 448.7400 724.6060 34 47812 392.3900 185.3030 27 49204 7.1200 -682.6400 26 48735 37.2300 -407.4200 28 46974 -14.0100 -857.0500 35 50863 341.5000 -38.9030 25 50348 74.5100 -154.4399 36 50770 279.7700 -262.3600 12 46625 -231.7690 728.0450 13 49850 -274.4000 518.2319 14 50302 -330.7980 250.2090 24 50202 122.1400 75.4750
1.1805294285e-01 4.2881908886e-01 -2.7721441974e+00
169 168 164
14 32 49625 168.3800 625.8960 33 51563 136.1801 484.2100 31 47947 183.9900 794.9860 34 51866 82.7000 273.8500 27 51212 300.3300 -694.6500 26 50862 343.3300 -425.6400 28 49656 262.4399 -866.3500 35 52367 27.6899 41.5980 25 51888 388.2500 -179.7400 36 52185 -32.3600 -188.9200 12 46587 -485.7450 748.9650 13 49812 -532.6160 556.9930 14 50254 -593.2760 305.1790 24 51814 436.8700 43.5900
1.1698310965e-01 3.5066469813e-01 -2.7553483006e+00
176 177 172
13 32 51466 170.5800 523.7950 33 52752 134.9600 368.2571 31 52417 191.3800 710.5920 34 53061 80.8400 146.4609 27 52408 293.7300 -597.6100 26 53175 334.7400 -311.8600 28 52700 256.5000 -785.7700 35 52451 26.7900 -87.3890 25 52883 375.4700 -57.0110 12 51070 -499.7310 658.3130 13 51629 -547.0640 454.4561 14 51880 -602.4970 192.0540 24 52844 418.8500 168.6050
5.5875245662e-01 -3.4274815971e-01 -2.7352656032e+00
112 113 121
4 32 14518 742.2500 -456.5100 33 28348 669.3300 -594.7500 11 24509 200.3400 -56.8190 12 26127 160.5300 -307.3101
4.3161046052e-01 -7.9695396293e-02 -2.7562545341e+00
158 157 165
8 32 10894 616.3700 -114.2300 33 12792 563.1200 -279.4800 27 9755 -279.2490 -40.5400 26 6483 -249.3930 261.4150 28 12302 -297.0820 -271.4000 29 14124 -301.4830 -469.4100 13 11636 -90.0900 -163.0000 14 14119 -129.3199 -429.7500
9.8674395289e-02 3.1521528826e-01 -2.7484164447e+00
157 165 168
10 32 22163 145.1600 475.5081 33 32838 104.5200 314.0381 31 21317 169.6801 670.0530 34 33840 48.9100 87.4950 27 27777 314.7300 -544.5601 26 35163 355.2200 -253.0800 25 33950 393.7300 3.5480 36 35590 -61.4100 -364.6500 14 33595 -626.6220 138.1980 24 32976 433.4301 225.9241
9.8748125336e-02 3.4376438281e-01 -2.7520780805e+00
174 173 168
13 32 32039 144.5100 515.9550 33 39576 105.4900 358.6570 31 21038 166.5200 704.4041 34 40162 50.0800 134.6021 27 42224 319.3400 -583.6000 26 41415 360.1400 -296.4000 28 29349 281.1899 -773.5400 35 41078 -4.0699 -99.4200 25 34128 400.5500 -40.6890 36 41468 -62.2500 -323.4200 13 32375 -571.9790 441.4451 14 33405 -625.7240 179.7500 24 40021 442.5500 182.6790
-6.6188783943e-02 -1.9135041990e-01 -2.6982070294e+00
42 48 62
9 32 45492 -105.8600 -304.8400 33 45772 -154.2100 -454.4000 31 46063 -53.5100 -74.9910 34 46144 -190.1900 -625.8700 27 44531 436.0400 244.7380 28 45194 421.3800 13.3960 11 39626 -690.9440 113.4620 12 40297 -712.7730 -103.7300 13 41307 -736.2900 -303.6700
-6.2521139444e-02 -1.7996282662e-01 -2.6978463302e+00
33 36 43
10 32 45453 -100.9200 -288.2900 33 45737 -149.5100 -439.4500 31 46028 -48.3199 -57.3640 27 44576 433.3300 226.5901 26 44136 445.0601 504.3120 28 45238 419.4900 -3.3010 29 45279 403.3400 -217.4900 30 44667 17.5500 259.6790 11 39587 -688.6820 126.6689 13 45385 -736.6070 -293.6000
-7.2548122887e-02 -1.6838390210e-01 -2.7008486147e+00
50 62 78
12 32 48435 -116.9301 -271.1100 33 45703 -164.6700 -423.5900 31 49153 -64.2800 -38.7760 34 46068 -200.5880 -599.1801 27 44608 449.4000 211.1111 26 44177 460.7400 489.1550 28 45283 435.1400 -19.1650 29 45310 419.3500 -230.7900 30 47880 0.8500 274.9170 11 39531 -697.5340 144.2240 12 40222 -721.1220 -72.2220 13 41203 -745.0540 -273.5601
3.9419915068e-01 -1.1483101954e-01 -2.7521545952e+00
194 185 175
9 32 40970 566.9301 -167.0000 33 41479 510.2300 -329.9301 31 41162 609.2500 66.1220 34 41843 448.5900 -510.3600 27 40530 -231.1140 21.1190 25 38859 -160.9900 544.0470 29 41390 -259.3100 -415.1700 14 42064 -178.7700 -472.3101 24 30928 -116.6801 707.1410
3.9452048958e-01 -1.1423165345e-01 -2.7521125983e+00
194 185 175
12 32 40969 566.9301 -167.0000 33 41478 510.2300 -329.9301 31 41163 609.2500 66.1220 34 41842 448.5900 -510.3600 26 44500 -200.7560 320.4960 28 45622 -251.5950 -212.2300 25 38860 -160.9900 544.0470 29 41391 -259.3100 -415.1700 11 43647 -64.7800 281.2061 12 44364 -97.4100 32.0700 13 45232 -143.1200 -212.3700 14 42063 -178.7700 -472.3101
4.1066835009e-01 1.6898670187e-01 -2.7782611745e+00
205 202 193
14 32 39883 587.8400 243.8430 33 40410 558.0699 76.6920 34 40901 510.9900 -131.0900 27 45782 -188.2700 -410.0500 26 45291 -164.6500 -110.9400 28 42296 -201.3510 -615.9600 35 41693 455.8500 -331.1200 25 44542 -130.1300 144.2639 29 42397 -203.0180 -773.9600 36 41959 392.4900 -519.6200 12 38793 -85.7500 458.2450 13 39900 -128.3500 219.7939 14 40963 -174.6700 -62.9580 24 44210 -85.5100 355.0959
1.0458050839e-01 4.4694859591e-01 -2.7757891552e+00
133 132 128
15 32 43479 147.8101 649.1030 33 47311 115.6300 511.1570 31 47916 164.8900 812.4600 34 47637 61.4700 304.1689 27 46420 320.1801 -711.3500 26 46000 364.7500 -446.5699 28 47023 280.2200 -879.5300 35 48379 6.0900 73.1310 25 48270 410.2700 -204.1801 36 48508 -54.6801 -159.3900 12 37859 -499.5490 764.3340 13 43720 -547.0050 575.6050 14 44495 -608.0340 328.3159 24 48061 460.3700 17.9930 37 49502 -113.0601 -403.6700
3.5869801051e-01 7.6442951727e-02 -2.7604639657e+00
149 146 111
13 32 44699 525.8700 111.6850 33 45011 484.7900 -61.0180 31 45277 548.4700 337.5320 34 45365 429.8800 -267.9000 27 45451 -134.0100 -261.6500 26 44968 -106.9399 47.3800 28 46107 -151.2000 -483.5699 25 44198 -70.5601 298.8521 29 42059 -157.6400 -662.1100 11 43194 -129.1899 546.6780 12 43839 -162.8300 318.2400 13 44682 -207.3590 74.1810 24 43920 -28.1600 496.6851
1.0628220810e-01 4.6866289081e-01 -2.7810185914e+00
190 189 185
12 32 47081 149.0500 674.4330 33 49794 118.3900 541.1899 34 50092 64.9900 338.9031 27 49307 320.2800 -736.4200 26 50919 364.6700 -476.5800 35 52315 9.5200 109.0930 25 50437 410.9600 -237.8900 36 52116 -51.8000 -123.6700 13 43652 -541.2810 602.9410 14 47725 -603.1070 359.2510 24 50274 462.3300 -16.9480 37 51604 -111.2900 -371.2800
3.8723637754e-01 1.2669484916e-01 -2.7646291318e+00
182 179 167
9 32 47838 562.1000 184.7390 33 48071 527.6200 13.4610 27 48698 -163.9301 -344.2100 26 48205 -138.8600 -37.9180 25 47654 -103.6000 218.2419 12 47116 -122.6600 395.5339 13 47808 -166.5100 151.9871 14 48466 -211.4800 -132.6500 24 47480 -59.3300 425.4940
9.2157168718e-02 3.2767340744e-01 -2.7499400451e+00
104 104 107
11 32 51482 134.6000 493.4871 33 51679 94.8000 333.8850 31 50698 159.9700 685.3820 34 51989 38.1899 108.3360 27 51074 325.5699 -559.4200 26 52119 366.8000 -270.2300 28 51385 287.3500 -753.1300 25 51777 406.6100 -14.4890 13 49943 -581.2340 417.7410 14 50389 -633.8610 155.7980 24 51689 447.3900 208.4850
-1.6067470666e-01 -2.9781064592e-01 -2.6356255395e+00
28 36 49
9 32 53594 -257.3860 -486.0601 33 53794 -297.3080 -621.1899 31 55136 -205.8620 -264.9900 27 53591 551.4800 430.5150 26 52713 550.3000 685.6021 28 53825 551.0500 208.1121 29 53657 546.0699 -10.5560 30 54507 -130.8400 64.8790 11 51258 -823.4990 -50.0420
4.7915609172e-01 -2.6506661624e-02 -2.7558024715e+00
105 113 72
13 32 50286 681.3400 -37.9400 33 50551 634.1200 -206.7800 31 51187 709.3500 192.5560 34 50866 574.8400 -398.7200 27 52116 -340.2290 -131.5400 26 51827 -312.5470 173.7810 28 52411 -354.1080 -358.9900 35 51434 514.6000 -571.0699 29 52345 -353.8500 -548.1100 36 49366 449.1100 -729.5500 11 49333 55.7700 418.1610 12 51398 26.1300 169.5620 13 51989 -20.3000 -84.8420
4.3913620504e-01 -3.0535655281e-02 -2.7575636565e+00
165 164 162
15 32 52807 629.3000 -44.1130 33 52997 580.7600 -212.2500 31 53842 659.6400 188.2329 34 53284 521.6200 -404.9301 27 53756 -280.3940 -117.4900 26 53649 -252.2890 188.3790 28 53970 -296.0760 -345.9800 35 53706 462.6200 -576.9700 25 53505 -212.2700 426.6470 36 52565 399.5300 -734.6700 11 52853 -4.7700 405.5950 12 53208 -35.3700 160.3630 13 53670 -80.5000 -91.2950 14 53820 -121.6899 -363.7100 24 53458 -166.4500 606.7880
9.0661196698e-02 -5.8319857074e-01 -2.7036821828e+00
65 74 72
6 32 18008 123.0900 -783.6100 33 19162 63.0601 -870.7600 31 28938 192.4600 -613.9900 29 32399 80.8000 341.6520 30 26772 285.7200 -324.9800 11 26478 -440.9040 -406.0200
4.0730248170e-01 -6.0461209210e-02 -2.7561466090e+00
145 146 147
13 32 10616 586.6300 -87.8980 33 12566 534.8101 -254.9399 31 8540 621.9600 144.1079 34 14258 474.9399 -443.2400 27 24905 -239.2460 -64.0890 26 6723 -209.7300 239.8870 28 12531 -257.3900 -294.9200 35 16199 416.9200 -610.4399 25 4404 -170.3700 472.9460 29 14328 -262.7250 -491.6300 12 23839 -81.7100 113.4840 14 13815 -166.0800 -402.2100 24 2668 -125.9800 646.3480
4.6464774298e-01 1.7330275782e-01 -2.7720833577e+00
212 213 198
8 32 23663 660.6400 247.9241 33 24727 633.7000 79.7510 27 27009 -268.0660 -428.1801 26 25322 -246.9120 -129.0400 28 28377 -277.5560 -632.5601 11 2342 17.8400 685.5439 12 21648 -7.2000 470.9170 13 23694 -49.2300 228.2190
3.4663261516e-01 7.4439829455e-02 -2.7590891055e+00
39 40 24
14 32 33848 510.0400 108.8840 33 34497 468.1899 -64.4220 31 23522 533.3900 335.3511 34 35396 413.1100 -271.2900 27 34857 -116.1400 -255.6600 26 33827 -88.6400 53.7560 28 35932 -134.0500 -479.0800 35 27753 356.5300 -462.9000 25 32517 -52.5601 304.7720 29 28191 -141.7900 -658.4399 11 21151 -146.7600 542.5100 12 32334 -181.0100 313.7261 13 33944 -225.5720 69.7560 24 31771 -10.6899 501.6560
2.0608809576e-01 -5.7212932648e-01 -2.6624530694e+00
55 38 16
2 32 37311 280.9900 -800.7900 33 37831 210.0500 -894.7000
3.8533026777e-01 2.3275403821e-01 -2.7887700655e+00
59 77 82
9 32 32916 548.4000 334.5580 33 33475 522.9700 172.7490 34 34351 479.3700 -35.1420 27 35988 -133.5601 -494.4900 26 34950 -109.7100 -203.3800 28 36934 -148.3101 -689.8000 11 30442 -93.2500 742.0690 12 31351 -122.8300 544.0260 14 34083 -213.0920 36.2190
1.5331971773e-01 3.5323107090e-01 -2.7644548909e+00
159 159 167
8 32 39002 223.6700 524.1150 33 39545 190.4200 369.7340 31 31791 240.3400 709.7839 27 42313 238.9399 -609.6100 26 41510 278.3800 -325.8900 12 30804 -450.3390 667.0880 13 39143 -496.9560 462.5170 14 40185 -552.1030 199.9341
7.8324401007e-02 3.8832098648e-01 -2.7604319218e+00
157 153 150
14 32 43643 111.2300 575.7130 33 47476 73.9800 426.4041 31 44319 134.0500 753.7880 34 47778 17.4100 208.4280 27 46270 352.3400 -633.0400 26 45806 396.3199 -355.5699 28 42967 311.0200 -815.6500 35 48543 -36.9600 -25.9870 25 45017 438.5500 -106.3700 36 48679 -96.0699 -254.6300 12 38081 -542.0560 692.7710 13 39033 -589.2300 496.9420 14 40061 -645.8760 242.7119 24 44652 482.9900 117.6710
4.2435686959e-02 -2.8476004995e-01 -2.6527692223e+00
183 183 183
11 32 45781 59.7500 -467.1801 33 42164 0.9000 -613.0300 31 46331 122.9500 -230.6100 34 42574 -43.2300 -769.1000 27 44300 271.0699 384.2051 26 38872 285.4700 658.5170 28 44951 257.7300 147.2480 29 45028 243.8101 -83.5830 30 44957 196.8900 113.0710 11 44213 -586.4990 -16.7280 12 40630 -605.6180 -250.7800
3.8448053453e-01 2.4006896521e-01 -2.7883589601e+00
72 84 94
12 32 39554 546.9301 344.7310 33 40083 522.4301 183.5710 34 44877 479.1899 -24.2530 27 45973 -130.7500 -504.6801 26 45504 -106.5100 -214.7100 28 42560 -145.3900 -698.5900 35 45755 426.3900 -231.6600 25 44753 -72.9500 39.4410 11 37809 -94.4500 750.5260 12 43337 -124.7100 553.8060 13 44205 -166.1300 326.3480 14 45049 -216.4100 47.4220
1.1239273152e-01 3.3093015449e-01 -2.7540175307e+00
163 159 156
12 32 43853 164.5400 497.1479 33 47630 127.4000 337.8970 31 44508 187.1500 687.6820 34 47929 72.2100 114.0300 27 46132 296.6000 -569.5300 26 45643 336.7300 -280.8600 28 46747 259.4900 -761.4100 25 48004 376.1500 -25.4610 12 43141 -507.1850 631.6589 13 44008 -554.0700 425.4460 14 44820 -607.3560 162.7390 24 44514 417.4200 198.1841
4.5363764768e-01 -6.7585896267e-03 -2.7602271293e+00
194 193 189
10 32 44905 648.7300 -8.8070 33 41105 602.6300 -179.4900 31 40763 675.3400 219.4241 34 41507 544.8101 -373.1300 27 45247 -296.5440 -156.2600 26 44772 -269.5540 149.9871 28 45907 -311.1670 -382.1700 35 42381 485.8300 -548.4000 29 41837 -312.1750 -570.0601 12 44082 -14.5500 197.8810
3.2749857683e-01 4.7129253016e-02 -2.7528401897e+00
36 45 29
12 32 47985 485.1801 67.3420 33 48244 439.8300 -106.5600 31 48697 511.8500 297.8149 34 45455 383.2400 -312.4200 27 48474 -93.9100 -208.9301 26 47963 -65.3800 102.4160 25 47447 -29.6899 350.0320 11 46732 -174.1801 504.4910 12 47299 -209.6970 271.9220 13 47991 -253.6360 27.6330 14 48638 -293.9110 -249.9800 24 47284 11.3700 541.6580
3.9410080044e-01 2.4928978131e-01 -2.7762599345e+00
40 45 50
13 32 53376 564.3600 357.9840 33 53538 541.2400 195.3690 34 53804 499.2300 -15.3290 27 53290 -142.0300 -523.6000 26 53765 -119.6600 -231.4100 28 53526 -155.8700 -716.8300 35 54168 446.1500 -225.8101 25 53623 -86.5300 26.3180 36 53886 383.4399 -428.9700 11 51966 -86.3800 768.0770 12 52315 -116.1400 571.8469 13 52788 -157.9500 343.2690 24 53562 -41.5200 248.2550
-1.4463358454e-01 -2.5522323861e-01 -2.6446662465e+00
25 28 37
10 32 54389 -235.7150 -423.0000 33 54395 -278.8690 -565.8600 31 55671 -182.9200 -192.4500 34 54372 -303.8550 -726.4399 27 54336 543.0300 369.3101 26 54312 546.1600 632.1670 28 54690 537.7300 140.7550 29 54521 528.5300 -81.6910 30 55064 -108.4200 140.0491 11 53638 -802.0910 8.0870
3.6378156201e-01 8.1381439118e-02 -2.7616719865e+00
157 161 132
12 32 8603 532.7400 118.7020 33 10448 492.0800 -53.6780 31 6482 554.4500 343.9420 34 12412 437.6600 -260.4500 27 26085 -140.5900 -270.3300 26 24239 -113.3900 38.4190 28 14539 -157.4700 -491.6300 35 14591 380.8800 -452.1500 25 22663 -77.3101 290.3560 29 16272 -163.7600 -668.9301 12 22553 -154.8600 326.2860 13 24494 -199.6830 81.7400
-1.2307499330e-01 -3.9455585770e-01 -2.7133442745e+00
16 21 17
9 32 41930 -173.6000 -562.5900 33 42326 -214.6000 -672.4399 31 46606 -123.7400 -371.5400 34 37504 -238.8000 -799.0601 27 39289 431.3400 499.4520 28 39850 429.9399 302.5150 29 40012 427.0400 108.6160 30 40799 -49.0300 -72.9610 11 40269 -708.8010 -155.3900
-5.1425542382e-02 -3.5675783985e-01 -2.7204479605e+00
155 154 124
8 32 41826 -73.9500 -516.0300 33 42234 -121.2800 -634.7600 31 42167 -19.3400 -314.3000 27 39444 351.1100 445.7230 28 39991 344.2300 239.3960 29 40200 336.8199 38.8010 30 45193 55.6200 -7.2270 11 33969 -636.8540 -104.5000
9.3374521240e-02 -2.7856661349e-01 -2.6561964908e+00
186 185 179
10 32 45761 139.6700 -456.0100 33 42139 77.5200 -604.8800 31 46307 205.0900 -216.8400 34 42553 27.6899 -763.0200 27 44330 195.9100 366.9320 26 38900 214.6500 645.9830 28 44996 179.7600 126.1410 29 40548 165.0601 -107.4100 30 44920 276.0900 128.3500 11 39917 -520.8290 -4.1780
3.9904306516e-01 -1.2141555862e-01 -2.7505394440e+00
177 175 157
